  1800  0.0  1846
  1800  0.0  1873
  1800  0.0  1877
  1800  0.0  1881
  1800  0.0  1885
  1800  0.0  1889
  1800  0.0  1893
  1800  0.0  1897
  1800  0.0  1901
  1800  0.0  1905
  1800  0.0  1909
  1800  0.0  1913
  1800  0.0  2143
  1800  0.0  2147
  1800  0.0  2151
  1800  0.0  2155
  1800  0.0  2159
  1800  0.0  2163
  1800  0.0  2045
  1800  0.0  2065
  1800  0.0  3309
  1800  0.0  3452
  1800  0.0  4020
  1800  0.0  4373
  1800  0.0  4388
  1800  0.0  8244
  1800  0.0  1357
  1800  0.0  4097
  1800  0.0  5043
  1800  0.0  6726
  1800  0.0  6794
  1800  0.0  6877
  1800  0.0  6886
  1800  0.0  8540
  1800  0.0  8552
  1800  0.0  9528
  1800  0.0  2978
  1800  0.0  5299
  1800  0.0  5650
  1800  0.0 12150
  1800  0.0  1446
  1800  0.0  1641
  1800  0.0  3024
  1800  0.0  3105
  1800  0.0  3370
  1800  0.0  3374
  1800  0.0  3383
  1800  0.0  4480
  1800  0.0  9358
  1800  0.0  9367
  1800  0.0  9376
  1800  0.0  9388
  1800  0.0  9403
  1800  0.0  1379
  1800  0.0  3694
  1800  0.0  3735
  1800  0.0  5829
  1800  0.0  7895
  1800  0.0  7976
  1800  0.0  8723
  1800  0.0  8891
  1800  0.0  9495
